 ,Area,Mean,Min,Max,XM,YM,Major,Minor,Angle,Slice
1,43447,255,255,255,334.278,348.404,0,0,0,1
2,29167,255,255,255,555.402,326.537,0,0,0,1
3,37403,255,255,255,1159.406,344.201,0,0,0,1
4,40499,255,255,255,1374.038,355.965,0,0,0,1
5,38012,255,255,255,945.398,361.897,0,0,0,1
6,30471,255,255,255,741.726,382.459,0,0,0,1
7,28249,255,255,255,487.055,504.366,0,0,0,1
8,28917,255,255,255,1082.477,526.908,0,0,0,1
9,38538,255,255,255,885.900,580.615,0,0,0,1
10,37178,255,255,255,672.557,583.536,0,0,0,1
11,32970,255,255,255,1373.677,573.553,0,0,0,1
12,31385,255,255,255,320.729,594.102,0,0,0,1
13,31313,255,255,255,1198.378,680.222,0,0,0,1
14,28685,255,255,255,496.222,694.545,0,0,0,1
15,36153,255,255,255,1373.379,782.038,0,0,0,1
16,30677,255,255,255,857.044,787.339,0,0,0,1
17,30134,255,255,255,666.738,797.897,0,0,0,1
18,29201,255,255,255,323.249,789.897,0,0,0,1
19,28243,255,255,255,1047.969,805.874,0,0,0,1
20,30317,255,255,255,500.452,888.199,0,0,0,1
21,38652,255,255,255,1143.631,993.279,0,0,0,1
22,41111,255,255,255,919.999,991.381,0,0,0,1
23,34292,255,255,255,323.749,989.144,0,0,0,1
24,42466,255,255,255,1367.255,1004.194,0,0,0,1
25,38053,255,255,255,688.470,1008.516,0,0,0,1
26,20542,255,255,255,486.244,1069.271,0,0,0,1
27,38334,255,255,255,820.511,1192.206,0,0,0,1
28,37462,255,255,255,1030.509,1194.375,0,0,0,1
29,38955,255,255,255,1248.240,1195.011,0,0,0,1
30,33957,255,255,255,346.552,1195.004,0,0,0,1
31,37816,255,255,255,603.825,1213.971,0,0,0,1
32,43225,255,255,255,1365.630,1391.083,0,0,0,1
33,40316,255,255,255,1140.595,1395.063,0,0,0,1
34,38672,255,255,255,734.186,1399.469,0,0,0,1
35,32049,255,255,255,936.999,1399.754,0,0,0,1
36,36091,255,255,255,320.910,1403.368,0,0,0,1
37,32407,255,255,255,525.049,1412.951,0,0,0,1
38,43443,255,255,255,326.517,350.032,247.523,223.468,87.640,2
39,29047,255,255,255,553.326,330.962,198.282,186.521,106.565,2
40,38790,255,255,255,942.922,361.456,233.835,211.213,95.152,2
41,37466,255,255,255,1154.645,358.114,228.971,208.337,101.146,2
42,40267,255,255,255,1367.147,372.244,234.127,218.981,86.861,2
43,30366,255,255,255,740.908,376.424,202.506,190.923,93.165,2
44,27856,255,255,255,481.421,502.970,198.440,178.731,126.708,2
45,28977,255,255,255,1079.569,541.420,205.242,179.762,166.031,2
46,37062,255,255,255,668.421,575.680,224.337,210.348,94.921,2
47,38347,255,255,255,880.327,581.020,231.787,210.645,110.116,2
48,31340,255,255,255,316.204,591.042,202.610,196.947,133.704,2
49,32817,255,255,255,1369.439,586.328,213.385,195.815,168.209,2
50,31065,255,255,255,1196.361,693.470,204.485,193.428,53.977,2
51,28541,255,255,255,494.521,689.386,200.763,181.007,172.524,2
52,35818,255,255,255,1371.357,792.408,222.417,205.042,29.686,2
53,29944,255,255,255,666.036,789.566,206.596,184.543,101.099,2
54,30549,255,255,255,855.606,787.749,202.464,192.114,159.356,2
55,29122,255,255,255,322.784,784.921,200.034,185.365,176.065,2
56,28025,255,255,255,1044.678,814.258,197.540,180.635,98.296,2
57,30135,255,255,255,501.641,880.801,204.858,187.296,125.113,2
58,40849,255,255,255,926.501,988.603,234.862,221.451,150.266,2
59,33968,255,255,255,326.403,981.672,213.922,202.174,54.741,2
60,38501,255,255,255,1149.192,995.089,231.827,211.455,77.923,2
61,38032,255,255,255,695.046,999.111,226.014,214.251,177.482,2
62,42184,255,255,255,1370.242,1013.057,236.740,226.875,132.223,2
63,20486,255,255,255,490.187,1059.781,163.339,159.690,38.894,2
64,38084,255,255,255,823.997,1185.209,231.031,209.885,102.738,2
65,37222,255,255,255,1033.027,1192.613,228.250,207.635,80.038,2
66,33694,255,255,255,351.306,1184.268,220.089,194.924,174.465,2
67,38747,255,255,255,1249.756,1199.826,227.036,217.297,139.351,2
68,37753,255,255,255,608.115,1203.002,227.053,211.706,37.833,2
69,43285,255,255,255,1372.357,1392.135,245.021,224.928,58.696,2
70,38476,255,255,255,738.422,1390.979,229.695,213.279,99.410,2
71,40183,255,255,255,1144.138,1394.526,237.147,215.742,115.842,2
72,35916,255,255,255,329.213,1389.359,223.112,204.963,93.876,2
73,31996,255,255,255,939.801,1395.694,222.839,182.817,87.565,2
74,32261,255,255,255,531.208,1401.357,206.737,198.687,87.739,2
75,43436,255,255,255,329.859,351.692,248.159,222.858,82.563,3
76,29360,255,255,255,559.056,329.675,200.879,186.094,100.597,3
77,37604,255,255,255,1163.945,347.108,228.352,209.672,92.013,3
78,39117,255,255,255,949.245,355.464,234.151,212.706,95.304,3
79,40597,255,255,255,1378.079,359.803,236.281,218.763,86.838,3
80,30420,255,255,255,746.182,382.617,202.238,191.517,95.904,3
81,28224,255,255,255,484.554,504.690,198.986,180.595,123.771,3
82,29125,255,255,255,1085.239,531.029,205.779,180.209,165.917,3
83,38615,255,255,255,885.704,577.068,232.265,211.681,108.246,3
84,37339,255,255,255,671.841,581.581,224.276,211.977,93.097,3
85,33147,255,255,255,1377.335,578.804,213.881,197.325,161.463,3
86,31329,255,255,255,316.843,592.858,202.343,197.137,123.975,3
87,31395,255,255,255,1201.096,685.697,205.995,194.050,49.466,3
88,28815,255,255,255,493.096,693.336,201.309,182.249,175.675,3
89,36343,255,255,255,1377.027,787.597,223.468,207.070,28.130,3
90,30757,255,255,255,854.882,785.185,202.713,193.185,160.886,3
91,29368,255,255,255,318.462,788.433,201.119,185.922,173.924,3
92,30155,255,255,255,664.117,796.016,206.764,185.693,101.766,3
93,28297,255,255,255,1045.938,806.985,197.722,182.220,94.858,3
94,30292,255,255,255,496.885,886.042,204.399,188.694,125.526,3
95,41172,255,255,255,919.383,989.308,235.259,222.826,152.009,3
96,38930,255,255,255,1144.526,993.221,232.009,213.644,75.727,3
97,34174,255,255,255,319.750,987.734,215.457,201.951,57.824,3
98,42535,255,255,255,1369.518,1011.116,238.321,227.245,135.544,3
99,38096,255,255,255,686.911,1006.302,226.236,214.401,179.366,3
100,20592,255,255,255,483.159,1066.118,163.744,160.119,45.617,3
101,38398,255,255,255,817.686,1189.875,231.689,211.015,100.277,3
102,37475,255,255,255,1027.679,1192.966,229.395,208.002,80.610,3
103,39022,255,255,255,1244.462,1198.120,226.181,219.666,132.704,3
104,33882,255,255,255,345.717,1193.208,219.526,196.514,174.363,3
105,37849,255,255,255,600.390,1211.374,227.397,211.924,39.483,3
106,43444,255,255,255,1368.059,1389.134,246.199,224.674,53.558,3
107,40289,255,255,255,1138.485,1395.245,236.190,217.188,122.757,3
108,38773,255,255,255,729.382,1396.815,230.354,214.311,96.336,3
109,32031,255,255,255,932.228,1396.924,223.161,182.752,88.169,3
110,36250,255,255,255,315.605,1401.104,225.496,204.682,89.266,3
111,32498,255,255,255,520.190,1410.449,206.926,199.964,92.318,3
112,43419,255,255,255,333.022,351.533,246.881,223.925,91.286,4
113,37606,255,255,255,1167.606,335.743,227.250,210.699,94.338,4
114,29362,255,255,255,560.369,327.564,200.390,186.561,101.172,4
115,39825,255,255,255,1383.597,355.140,229.669,220.782,82.313,4
116,38100,255,255,255,951.685,356.313,224.979,215.622,99.809,4
117,30526,255,255,255,747.659,386.446,202.024,192.387,94.806,4
118,28502,255,255,255,488.299,506.345,199.731,181.694,120.867,4
119,29080,255,255,255,1088.839,520.386,205.378,180.282,169.465,4
120,38890,255,255,255,890.415,576.509,232.451,213.018,108.756,4
121,37380,255,255,255,675.274,586.914,224.078,212.398,93.064,4
122,33102,255,255,255,1381.049,572.473,212.688,198.162,166.719,4
123,31530,255,255,255,318.379,594.844,202.542,198.207,128.217,4
124,31468,255,255,255,1202.966,676.652,205.185,195.270,46.618,4
125,28880,255,255,255,492.662,697.446,200.836,183.091,178.470,4
126,36324,255,255,255,1377.310,783.109,222.407,207.948,32.309,4
127,30815,255,255,255,853.681,784.115,203.313,192.978,163.851,4
128,28407,255,255,255,1046.686,796.958,197.887,182.775,97.812,4
129,29609,255,255,255,315.914,791.679,202.649,186.033,175.087,4
130,30325,255,255,255,662.638,801.923,207.576,186.009,102.299,4
131,30435,255,255,255,493.779,891.403,204.352,189.629,124.425,4
132,39678,255,255,255,1137.485,989.775,232.434,217.350,74.562,4
133,41192,255,255,255,908.663,990.463,235.311,222.885,154.861,4
134,34199,255,255,255,315.442,992.973,216.530,201.097,60.878,4
135,42501,255,255,255,1365.642,1007.845,238.098,227.276,136.883,4
136,38109,255,255,255,676.697,1013.464,226.295,214.419,0.292,4
137,20709,255,255,255,477.548,1072.547,164.124,160.656,44.835,4
138,37392,255,255,255,1022.407,1190.707,228.662,208.207,82.892,4
139,38581,255,255,255,811.582,1194.663,231.962,211.771,100.710,4
140,39134,255,255,255,1239.284,1194.930,226.072,220.403,130.085,4
141,34060,255,255,255,340.532,1201.514,218.972,198.046,173.994,4
142,37866,255,255,255,593.363,1219.976,227.664,211.770,38.522,4
143,43290,255,255,255,1360.511,1387.687,245.566,224.456,56.958,4
144,40492,255,255,255,1132.040,1394.639,237.145,217.403,117.941,4
145,31777,255,255,255,925.327,1390.561,219.576,184.263,89.876,4
146,39041,255,255,255,722.091,1403.020,231.275,214.933,93.047,4
147,36481,255,255,255,305.937,1411.988,226.360,205.200,85.944,4
148,32504,255,255,255,511.918,1419.498,206.478,200.435,90.182,4
149,42861,255,255,255,332.640,354.022,243.660,223.970,87.978,5
150,29709,255,255,255,560.489,329.435,202.007,187.254,101.945,5
151,37711,255,255,255,1165.813,347.022,228.936,209.732,95.802,5
152,39021,255,255,255,951.201,357.367,234.103,212.227,96.327,5
153,40452,255,255,255,1379.728,359.972,236.533,217.750,84.262,5
154,30507,255,255,255,748.052,385.056,202.445,191.868,95.901,5
155,28235,255,255,255,487.867,506.228,199.356,180.330,122.787,5
156,29129,255,255,255,1086.692,530.596,205.522,180.458,164.772,5
157,38757,255,255,255,888.027,578.744,232.987,211.801,107.608,5
158,37241,255,255,255,674.407,584.429,223.879,211.796,93.347,5
159,33042,255,255,255,1379.819,578.583,213.356,197.184,164.083,5
160,31435,255,255,255,320.093,594.582,202.495,197.656,129.252,5
161,31409,255,255,255,1204.138,684.802,205.313,194.781,48.069,5
162,28754,255,255,255,495.948,695.311,200.832,182.295,177.576,5
163,36204,255,255,255,1378.809,788.410,222.134,207.516,32.342,5
164,30648,255,255,255,856.813,786.560,202.845,192.375,163.073,5
165,29304,255,255,255,321.524,790.371,200.377,186.204,175.318,5
166,30210,255,255,255,666.334,798.775,207.404,185.457,103.221,5
167,28308,255,255,255,1048.084,803.704,197.978,182.055,96.791,5
168,30269,255,255,255,499.390,888.075,204.529,188.432,125.110,5
169,39843,255,255,255,1145.036,992.980,233.040,217.686,79.016,5
170,41161,255,255,255,918.531,990.442,235.514,222.525,153.359,5
171,34274,255,255,255,322.486,990.048,215.634,202.376,56.360,5
172,42392,255,255,255,1371.384,1012.069,238.002,226.785,135.035,5
173,38045,255,255,255,686.302,1009.275,226.229,214.121,179.795,5
174,20610,255,255,255,486.388,1067.966,163.853,160.152,43.309,5
175,38288,255,255,255,819.609,1191.600,231.964,210.161,101.542,5
176,37461,255,255,255,1029.672,1192.891,228.514,208.726,82.186,5
177,39155,255,255,255,1246.849,1199.066,226.613,219.995,133.462,5
178,33878,255,255,255,349.373,1195.593,219.240,196.747,173.817,5
179,37891,255,255,255,602.280,1214.502,227.707,211.870,37.466,5
180,43328,255,255,255,1369.680,1391.165,245.636,224.588,56.341,5
181,40457,255,255,255,1140.598,1396.665,237.815,216.603,120.249,5
182,39003,255,255,255,731.148,1398.542,231.472,214.541,94.981,5
183,31910,255,255,255,934.083,1393.732,221.202,183.674,89.733,5
184,36143,255,255,255,318.519,1403.210,224.736,204.768,88.904,5
185,32382,255,255,255,522.425,1413.116,206.611,199.554,92.952,5
186,42512,255,255,255,320.057,352.034,244.637,221.258,83.250,6
187,28889,255,255,255,550.714,333.747,197.771,185.986,113.028,6
188,30952,255,255,255,739.254,359.480,210.301,187.395,88.637,6
189,38515,255,255,255,938.996,370.999,233.426,210.083,94.270,6
190,37128,255,255,255,1147.597,371.777,229.326,206.138,101.282,6
191,40063,255,255,255,1357.816,388.071,233.528,218.431,85.021,6
192,27413,255,255,255,475.502,499.819,197.598,176.638,133.269,6
193,36948,255,255,255,664.924,561.934,224.597,209.458,91.303,6
194,28847,255,255,255,1075.166,555.741,204.658,179.466,168.507,6
195,38028,255,255,255,874.528,588.043,229.848,210.656,109.782,6
196,31039,255,255,255,312.148,585.908,203.178,194.509,130.018,6
197,32473,255,255,255,1365.076,598.652,213.773,193.410,168.792,6
198,28350,255,255,255,492.511,681.900,200.646,179.900,177.758,6
199,30614,255,255,255,1194.590,703.734,202.129,192.842,57.043,6
200,29993,255,255,255,664.804,776.550,207.461,184.074,100.228,6
201,29136,255,255,255,321.061,777.990,202.113,183.546,176.747,6
202,30340,255,255,255,853.067,793.771,201.474,191.737,155.034,6
203,35784,255,255,255,1368.104,803.366,222.571,204.706,30.387,6
204,27724,255,255,255,1041.456,815.507,196.786,179.379,103.750,6
205,29877,255,255,255,502.703,870.500,203.971,186.500,134.134,6
206,33583,255,255,255,328.262,971.986,212.400,201.315,50.633,6
207,40043,255,255,255,929.095,989.685,234.147,217.745,155.154,6
208,39090,255,255,255,1150.818,994.797,233.407,213.237,79.507,6
209,38099,255,255,255,697.087,987.122,226.152,214.498,176.474,6
210,41714,255,255,255,1371.116,1022.614,237.176,223.935,134.557,6
211,20271,255,255,255,494.283,1046.008,162.744,158.591,22.511,6
212,37923,255,255,255,823.707,1178.376,231.117,208.921,111.050,6
213,33477,255,255,255,358.064,1171.077,220.685,193.145,174.699,6
214,37015,255,255,255,1033.587,1191.867,226.575,208.006,80.082,6
215,37406,255,255,255,608.538,1189.856,226.016,210.723,34.813,6
216,38569,255,255,255,1248.566,1203.795,227.595,215.767,138.642,6
217,35225,255,255,255,336.055,1373.012,221.895,202.122,97.219,6
218,38046,255,255,255,738.995,1380.613,228.542,211.960,101.824,6
219,43138,255,255,255,1376.654,1391.245,245.409,223.810,52.629,6
220,31829,255,255,255,938.020,1389.355,222.492,182.146,91.431,6
221,40036,255,255,255,1144.006,1393.860,235.906,216.084,137.347,6
222,31956,255,255,255,534.693,1387.227,206.046,197.469,95.514,6
223,43614,255,255,255,328.605,352.148,248.656,223.325,79.251,7
224,29379,255,255,255,554.739,330.383,201.688,185.467,102.230,7
225,37652,255,255,255,1163.870,347.197,228.663,209.654,92.673,7
226,38821,255,255,255,949.395,361.191,232.074,212.986,94.988,7
227,40645,255,255,255,1377.936,360.770,236.689,218.645,88.077,7
228,30464,255,255,255,744.572,371.731,202.021,192.000,92.346,7
229,28255,255,255,255,483.624,505.975,199.403,180.415,131.115,7
230,29127,255,255,255,1087.867,532.565,205.484,180.479,168.321,7
231,37423,255,255,255,674.715,574.433,225.386,211.409,87.333,7
232,38679,255,255,255,888.838,582.542,231.788,212.469,108.998,7
233,33100,255,255,255,1377.617,580.042,213.089,197.777,165.369,7
234,31422,255,255,255,314.565,593.294,202.726,197.349,137.325,7
235,31380,255,255,255,1202.053,687.826,205.462,194.461,48.868,7
236,28719,255,255,255,490.849,692.947,200.991,181.929,179.486,7
237,36343,255,255,255,1377.550,790.350,222.083,208.361,31.582,7
238,30164,255,255,255,663.227,790.315,207.254,185.308,99.061,7
239,30697,255,255,255,853.915,789.177,202.822,192.704,159.071,7
240,29332,255,255,255,316.602,789.001,200.525,186.244,177.762,7
241,28338,255,255,255,1045.506,806.107,197.918,182.303,97.537,7
242,30303,255,255,255,497.225,883.669,204.384,188.777,139.236,7
243,39342,255,255,255,1143.668,993.391,232.776,215.194,74.445,7
244,40732,255,255,255,918.531,991.275,234.254,221.391,157.332,7
245,34395,255,255,255,318.200,987.658,217.342,201.494,49.684,7
246,38349,255,255,255,684.835,1002.729,226.757,215.330,177.797,7
247,42587,255,255,255,1370.345,1013.584,238.691,227.170,143.994,7
248,20623,255,255,255,485.577,1061.204,163.780,160.324,29.661,7
249,38400,255,255,255,815.773,1188.745,232.302,210.469,106.923,7
250,37351,255,255,255,1026.338,1193.345,228.521,208.107,79.905,7
251,39128,255,255,255,1243.264,1198.899,226.653,219.804,134.357,7
252,33982,255,255,255,352.230,1192.090,219.249,197.343,174.848,7
253,37812,255,255,255,598.619,1209.202,227.612,211.517,40.684,7
254,43235,255,255,255,1368.570,1388.388,245.576,224.161,51.421,7
255,38679,255,255,255,726.637,1394.001,230.705,213.466,98.176,7
256,40441,255,255,255,1136.791,1394.591,235.552,218.598,135.653,7
257,32154,255,255,255,928.863,1393.976,224.204,182.601,92.251,7
258,36194,255,255,255,314.139,1398.851,225.561,204.306,92.037,7
259,32456,255,255,255,518.177,1408.222,206.670,199.953,93.082,7
260,37755,255,255,255,1178.631,325.338,227.210,211.572,93.646,8
261,29557,255,255,255,567.528,327.867,202.657,185.698,104.884,8
262,43294,255,255,255,347.043,355.353,246.659,223.481,93.892,8
263,38297,255,255,255,961.746,356.017,225.388,216.343,100.615,8
264,39814,255,255,255,1395.142,358.925,228.985,221.380,76.456,8
265,30697,255,255,255,756.365,386.922,202.507,193.004,95.397,8
266,28684,255,255,255,502.815,511.072,200.147,182.474,123.245,8
267,29245,255,255,255,1104.389,513.772,205.942,180.807,175.437,8
268,39089,255,255,255,908.634,583.724,233.378,213.258,110.123,8
269,33093,255,255,255,1391.536,576.106,212.344,198.429,164.977,8
270,37551,255,255,255,691.748,592.124,224.454,213.012,88.210,8
271,31534,255,255,255,328.033,593.856,203.146,197.643,134.999,8
272,31557,255,255,255,1210.885,675.136,204.872,196.120,40.144,8
273,28828,255,255,255,499.432,701.590,200.919,182.685,178.781,8
274,36289,255,255,255,1383.427,786.707,222.736,207.441,34.950,8
275,30847,255,255,255,858.375,788.351,203.273,193.216,161.859,8
276,28427,255,255,255,1052.080,791.525,197.733,183.046,101.899,8
277,29557,255,255,255,320.487,791.511,201.290,186.960,172.891,8
278,30319,255,255,255,667.636,808.081,208.096,185.508,98.511,8
279,30237,255,255,255,496.307,893.608,202.896,189.747,134.530,8
280,40124,255,255,255,1138.016,987.224,233.585,218.710,67.443,8
281,41142,255,255,255,899.171,997.511,235.076,222.837,157.720,8
282,34227,255,255,255,316.974,994.374,216.820,200.992,61.237,8
283,42381,255,255,255,1367.226,1011.871,238.319,226.424,136.908,8
284,38095,255,255,255,668.383,1022.008,224.906,215.664,2.924,8
285,20703,255,255,255,479.778,1073.866,163.609,161.115,54.157,8
286,37627,255,255,255,1016.626,1195.312,229.505,208.746,83.370,8
287,39429,255,255,255,1234.131,1194.784,226.453,221.691,126.886,8
288,38523,255,255,255,804.288,1202.588,231.164,212.182,104.997,8
289,34157,255,255,255,343.347,1203.678,218.676,198.879,174.267,8
290,37906,255,255,255,585.200,1230.011,227.858,211.814,40.196,8
291,43181,255,255,255,1356.444,1387.438,245.199,224.225,58.125,8
292,40625,255,255,255,1127.024,1399.376,236.741,218.489,125.787,8
293,31726,255,255,255,919.313,1394.403,218.830,184.594,92.999,8
294,39485,255,255,255,716.568,1412.437,234.468,214.416,96.189,8
295,36355,255,255,255,299.880,1412.274,223.091,207.487,90.115,8
296,32703,255,255,255,506.564,1432.493,207.160,200.998,91.671,8
297,43866,255,255,255,333.774,352.005,249.497,223.858,89.820,9
298,30019,255,255,255,552.286,329.679,200.846,190.302,101.060,9
299,39178,255,255,255,947.390,354.975,234.771,212.475,91.019,9
300,37391,255,255,255,1162.278,348.472,226.099,210.562,101.766,9
301,40763,255,255,255,1377.582,362.692,236.565,219.395,82.181,9
302,30578,255,255,255,742.917,376.619,202.457,192.303,96.309,9
303,28168,255,255,255,488.089,509.032,199.105,180.130,127.980,9
304,29047,255,255,255,1090.242,533.254,205.484,179.984,166.749,9
305,38774,255,255,255,890.698,579.204,232.863,212.007,108.772,9
306,37210,255,255,255,677.206,580.253,224.324,211.200,88.738,9
307,33024,255,255,255,1377.888,581.512,213.293,197.135,165.850,9
308,31328,255,255,255,320.087,596.510,202.360,197.114,127.883,9
309,31185,255,255,255,1203.096,689.005,204.949,193.736,47.548,9
310,28653,255,255,255,495.393,696.657,200.714,181.762,1.442,9
311,36305,255,255,255,1377.328,791.997,222.058,208.166,32.169,9
312,30596,255,255,255,856.949,786.457,202.455,192.418,158.605,9
313,30218,255,255,255,666.692,795.221,207.458,185.458,101.100,9
314,29324,255,255,255,321.170,792.413,200.786,185.952,176.377,9
315,28123,255,255,255,1047.008,805.850,197.684,181.134,96.389,9
316,30218,255,255,255,500.648,887.781,203.600,188.972,138.097,9
317,41006,255,255,255,916.071,990.441,235.376,221.818,156.655,9
318,39823,255,255,255,1142.490,994.512,233.412,217.230,73.271,9
319,34175,255,255,255,322.774,991.553,215.403,202.007,55.944,9
320,38195,255,255,255,682.617,1007.047,226.415,214.789,2.144,9
321,42395,255,255,255,1369.777,1014.890,238.465,226.361,144.530,9
322,20515,255,255,255,488.337,1065.105,163.581,159.679,34.565,9
323,38294,255,255,255,817.348,1189.749,231.607,210.518,107.361,9
324,37383,255,255,255,1027.448,1194.111,228.325,208.464,86.120,9
325,39174,255,255,255,1244.379,1200.167,226.485,220.226,134.641,9
326,33847,255,255,255,355.498,1196.473,218.936,196.840,174.402,9
327,37682,255,255,255,600.158,1213.414,227.113,211.253,36.911,9
328,43505,255,255,255,1369.279,1391.075,246.752,224.486,50.920,9
329,39241,255,255,255,729.576,1397.104,234.118,213.410,96.076,9
330,40402,255,255,255,1138.737,1397.558,236.685,217.341,126.417,9
331,31792,255,255,255,931.732,1392.399,219.517,184.400,94.450,9
332,35999,255,255,255,318.426,1403.279,224.852,203.847,88.633,9
333,32516,255,255,255,521.677,1412.417,207.246,199.766,94.156,9
334,42353,255,255,255,313.086,352.133,244.769,220.312,86.364,10
335,29588,255,255,255,550.744,337.426,200.898,187.521,78.488,10
336,31399,255,255,255,737.499,358.391,213.281,187.445,88.130,10
337,38486,255,255,255,934.146,386.069,234.712,208.775,90.780,10
338,36851,255,255,255,1141.257,387.165,228.281,205.537,96.642,10
339,40016,255,255,255,1350.107,402.304,231.851,219.753,83.852,10
340,27241,255,255,255,465.263,500.583,197.462,175.650,135.355,10
341,36562,255,255,255,656.205,554.504,222.078,209.621,94.265,10
342,28854,255,255,255,1062.590,568.904,203.768,180.294,172.606,10
343,38094,255,255,255,862.347,602.870,230.604,210.329,105.569,10
344,31026,255,255,255,308.185,596.252,204.408,193.258,131.677,10
345,31955,255,255,255,1361.808,608.616,213.773,190.326,165.704,10
346,28079,255,255,255,489.660,681.115,200.399,178.401,6.912,10
347,30547,255,255,255,1191.913,708.663,202.203,192.350,67.034,10
348,29720,255,255,255,664.831,765.555,206.713,183.059,96.917,10
349,29063,255,255,255,321.235,788.767,200.358,184.690,2.746,10
350,35516,255,255,255,1365.043,809.369,222.743,203.016,23.522,10
351,27637,255,255,255,1034.330,808.815,197.483,178.185,110.722,10
352,29980,255,255,255,846.751,810.933,199.657,191.186,141.698,10
353,29382,255,255,255,505.608,864.036,202.376,184.856,156.004,10
354,38455,255,255,255,1157.512,977.439,235.282,208.101,77.642,10
355,37867,255,255,255,714.420,974.166,222.969,216.235,9.477,10
356,34141,255,255,255,334.925,981.085,218.844,198.633,21.447,10
357,37868,255,255,255,942.403,991.915,227.225,212.190,178.997,10
358,41356,255,255,255,1373.215,1023.645,238.113,221.139,144.176,10
359,20050,255,255,255,529.682,1031.071,164.285,155.392,1.500,10
360,32931,255,255,255,410.416,1164.412,217.963,192.368,165.687,10
361,37061,255,255,255,844.817,1179.471,229.113,205.958,116.668,10
362,36845,255,255,255,1051.668,1184.258,228.432,205.367,78.903,10
363,37049,255,255,255,631.135,1181.233,226.326,208.426,31.318,10
364,37970,255,255,255,1262.535,1206.401,227.039,212.937,138.644,10
365,35233,255,255,255,343.964,1353.719,222.634,201.496,101.532,10
366,37702,255,255,255,746.979,1370.410,227.067,211.408,107.711,10
367,32019,255,255,255,542.759,1372.274,207.167,196.787,100.523,10
368,31831,255,255,255,945.929,1379.702,223.476,181.355,91.312,10
369,42796,255,255,255,1384.398,1392.844,245.109,222.307,47.036,10
370,39906,255,255,255,1150.805,1389.855,235.392,215.853,142.114,10
371,42937,255,255,255,323.577,352.969,244.711,223.403,84.550,11
372,29442,255,255,255,547.824,330.223,201.300,186.224,101.062,11
373,31654,255,255,255,740.974,342.171,212.761,189.429,85.463,11
374,37490,255,255,255,1158.885,349.053,226.938,210.338,94.703,11
375,40596,255,255,255,1374.341,362.025,236.794,218.284,83.601,11
376,38042,255,255,255,943.840,376.197,225.252,215.033,92.466,11
377,28428,255,255,255,478.035,506.601,199.932,181.040,136.996,11
378,37420,255,255,255,676.576,552.537,225.321,211.452,89.850,11
379,29074,255,255,255,1083.000,535.131,205.465,180.168,175.699,11
380,38497,255,255,255,887.249,598.797,231.316,211.900,106.211,11
381,32792,255,255,255,1376.533,581.086,212.690,196.305,161.602,11
382,31162,255,255,255,310.953,599.394,202.730,195.712,120.989,11
383,31259,255,255,255,1200.794,686.049,205.426,193.745,49.742,11
384,28490,255,255,255,485.248,693.007,200.139,181.247,16.880,11
385,30271,255,255,255,661.505,770.683,208.192,185.129,89.812,11
386,36188,255,255,255,1374.631,790.755,222.238,207.327,26.086,11
387,28397,255,255,255,1042.176,800.586,197.808,182.784,105.140,11
388,29146,255,255,255,313.603,796.440,198.971,186.508,0.974,11
389,30667,255,255,255,849.090,805.663,203.021,192.327,148.086,11
390,30332,255,255,255,498.673,880.981,203.494,189.784,160.246,11
391,39067,255,255,255,1141.231,988.112,234.266,212.330,75.071,11
392,38585,255,255,255,688.937,984.402,226.303,217.089,8.301,11
393,38082,255,255,255,920.187,998.425,229.000,211.736,5.769,11
394,34386,255,255,255,319.169,991.805,220.021,198.988,17.427,11
395,42426,255,255,255,1367.489,1011.061,239.258,225.775,155.789,11
396,20629,255,255,255,496.743,1056.943,164.656,159.518,21.833,11
397,37178,255,255,255,1028.760,1190.675,227.562,208.016,80.920,11
398,37880,255,255,255,817.844,1192.072,229.069,210.549,109.521,11
399,38975,255,255,255,1244.369,1197.430,226.839,218.766,124.410,11
400,33923,255,255,255,365.016,1188.365,218.327,197.832,161.126,11
401,37598,255,255,255,601.445,1209.053,227.644,210.290,41.783,11
402,43403,255,255,255,1367.581,1387.563,247.047,223.692,46.322,11
403,31649,255,255,255,927.440,1386.680,218.922,184.069,92.145,11
404,38128,255,255,255,725.537,1393.715,226.861,213.991,102.699,11
405,40216,255,255,255,1135.148,1392.864,233.764,219.044,135.370,11
406,36416,255,255,255,312.630,1393.818,227.095,204.171,99.208,11
407,32333,255,255,255,516.578,1405.820,206.294,199.558,93.823,11
408,37980,255,255,255,1181.884,315.964,228.623,211.517,96.273,12
409,29838,255,255,255,566.473,325.893,203.139,187.019,97.201,12
410,42937,255,255,255,351.291,357.496,245.166,222.988,85.586,12
411,38348,255,255,255,964.717,339.891,225.508,216.516,96.962,12
412,39972,255,255,255,1398.244,354.242,229.085,222.162,71.313,12
413,30871,255,255,255,758.992,369.404,203.571,193.084,98.914,12
414,29239,255,255,255,1100.711,502.334,206.487,180.293,176.571,12
415,28646,255,255,255,506.741,510.676,199.411,182.905,133.872,12
416,37641,255,255,255,702.297,577.569,224.074,213.884,81.263,12
417,32832,255,255,255,1392.479,570.459,211.212,197.919,161.823,12
418,39133,255,255,255,920.346,603.539,233.625,213.272,121.984,12
419,31722,255,255,255,328.689,592.877,202.437,199.517,140.210,12
420,31576,255,255,255,1209.755,662.602,204.872,196.239,42.880,12
421,28708,255,255,255,497.997,698.982,200.552,182.257,13.861,12
422,36397,255,255,255,1379.488,780.311,223.665,207.195,26.920,12
423,28456,255,255,255,1053.213,781.130,197.601,183.356,108.722,12
424,30380,255,255,255,668.780,792.938,208.206,185.783,89.759,12
425,29881,255,255,255,318.297,791.795,203.185,187.247,174.599,12
426,30888,255,255,255,860.096,802.715,203.545,193.215,152.273,12
427,30268,255,255,255,498.246,888.734,202.842,189.992,155.446,12
428,39888,255,255,255,1131.445,980.496,234.258,216.799,69.196,12
429,42519,255,255,255,1361.141,1002.930,240.257,225.329,148.027,12
430,34317,255,255,255,315.725,991.158,218.647,199.837,22.392,12
431,38641,255,255,255,907.387,1003.767,231.364,212.649,7.676,12
432,38299,255,255,255,675.530,1008.137,225.559,216.191,15.475,12
433,20796,255,255,255,488.195,1067.111,163.172,162.273,16.064,12
434,39521,255,255,255,1230.804,1186.758,226.995,221.677,126.399,12
435,37541,255,255,255,1012.654,1197.606,228.428,209.251,73.931,12
436,38419,255,255,255,798.323,1197.638,230.167,212.527,106.177,12
437,34192,255,255,255,351.421,1192.889,218.527,199.218,153.135,12
438,37916,255,255,255,580.918,1231.360,228.054,211.687,41.468,12
439,43184,255,255,255,1346.077,1385.120,245.273,224.173,58.941,12
440,31743,255,255,255,908.252,1392.367,218.782,184.734,93.841,12
441,36505,255,255,255,291.785,1397.054,222.983,208.445,99.420,12
442,40542,255,255,255,1116.704,1402.111,235.544,219.151,131.342,12
443,39980,255,255,255,706.651,1417.690,237.448,214.380,90.300,12
444,35136,255,255,255,496.323,1437.092,222.917,200.687,93.013,12
445,43317,255,255,255,332.949,353.443,247.218,223.095,80.249,13
446,29822,255,255,255,546.195,330.679,199.228,190.589,101.049,13
447,37832,255,255,255,1159.779,348.159,228.430,210.871,105.386,13
448,40831,255,255,255,1374.553,359.323,237.670,218.739,86.487,13
449,38162,255,255,255,944.421,366.428,226.431,214.588,92.601,13
450,30862,255,255,255,739.318,360.899,203.897,192.718,93.209,13
451,28164,255,255,255,484.787,509.772,198.489,180.662,134.239,13
452,28898,255,255,255,1082.218,530.487,204.916,179.557,164.635,13
453,37399,255,255,255,678.545,568.138,225.327,211.328,85.500,13
454,32886,255,255,255,1376.575,577.673,213.511,196.111,161.357,13
455,38767,255,255,255,891.259,597.449,233.135,211.722,113.948,13
456,31386,255,255,255,318.726,603.073,202.150,197.684,120.359,13
457,31320,255,255,255,1201.347,682.611,205.226,194.312,51.581,13
458,28663,255,255,255,492.935,697.348,200.754,181.789,20.807,13
459,36341,255,255,255,1375.197,786.975,223.595,206.940,28.802,13
460,30146,255,255,255,665.194,784.617,208.076,184.467,93.186,13
461,28265,255,255,255,1046.438,801.610,197.588,182.137,99.361,13
462,30608,255,255,255,854.441,802.409,203.072,191.909,157.296,13
463,29717,255,255,255,319.589,800.308,200.234,188.963,174.000,13
464,30070,255,255,255,502.166,886.732,202.376,189.184,153.369,13
465,39595,255,255,255,1142.287,991.413,234.416,215.062,79.543,13
466,39410,255,255,255,919.403,998.776,233.375,215.012,172.888,13
467,38421,255,255,255,685.304,999.252,225.885,216.566,14.545,13
468,42520,255,255,255,1368.081,1008.450,239.536,226.013,147.793,13
469,34383,255,255,255,323.673,998.027,219.090,199.816,25.479,13
470,20444,255,255,255,497.518,1061.994,163.935,158.783,33.776,13
471,38026,255,255,255,823.527,1193.376,230.610,209.948,110.574,13
472,37025,255,255,255,1032.818,1194.574,227.578,207.145,81.793,13
473,39465,255,255,255,1248.449,1197.386,227.087,221.274,133.305,13
474,33954,255,255,255,371.327,1197.184,218.163,198.162,156.444,13
475,37454,255,255,255,607.879,1209.206,226.489,210.553,37.879,13
476,43168,255,255,255,1368.153,1391.475,244.979,224.359,59.902,13
477,39406,255,255,255,728.981,1397.724,235.215,213.308,91.305,13
478,31755,255,255,255,931.021,1390.440,219.146,184.497,90.911,13
479,40509,255,255,255,1139.127,1398.180,236.071,218.484,130.936,13
480,36146,255,255,255,316.785,1402.460,226.497,203.192,89.187,13
481,34472,255,255,255,520.071,1407.335,219.352,200.095,99.255,13
482,42086,255,255,255,303.057,351.351,243.869,219.731,85.134,14
483,29187,255,255,255,554.364,343.903,200.552,185.299,92.260,14
484,30954,255,255,255,739.736,366.512,212.098,185.819,97.744,14
485,37857,255,255,255,933.414,395.057,233.765,206.195,90.508,14
486,35938,255,255,255,1135.907,404.614,226.842,201.716,92.186,14
487,39049,255,255,255,1339.364,420.063,228.117,217.952,80.628,14
488,26971,255,255,255,453.750,496.242,196.870,174.432,128.462,14
489,35804,255,255,255,641.734,546.359,221.272,206.023,104.181,14
490,37263,255,255,255,843.878,599.400,226.317,209.638,104.331,14
491,28711,255,255,255,1044.720,579.567,202.706,180.340,165.610,14
492,30895,255,255,255,303.674,599.154,201.846,194.885,131.721,14
493,31171,255,255,255,1357.060,620.345,213.274,186.090,163.845,14
494,27834,255,255,255,485.359,677.996,198.494,178.541,10.272,14
495,30089,255,255,255,1186.792,709.418,202.877,188.836,83.717,14
496,29662,255,255,255,663.627,754.805,206.283,183.082,95.126,14
497,28847,255,255,255,320.108,789.211,199.657,183.961,3.180,14
498,27368,255,255,255,1028.655,801.442,197.696,176.260,105.612,14
499,29651,255,255,255,844.862,804.212,200.135,188.636,140.814,14
500,35346,255,255,255,1357.266,815.761,225.723,199.377,14.789,14
501,29277,255,255,255,506.026,858.331,202.518,184.066,164.399,14
502,38096,255,255,255,1159.549,960.546,235.712,205.782,76.422,14
503,36964,255,255,255,718.361,962.762,218.435,215.460,166.082,14
504,37290,255,255,255,944.653,984.165,230.516,205.969,170.189,14
505,33927,255,255,255,338.444,979.273,220.590,195.826,19.718,14
506,41003,255,255,255,1370.259,1024.329,238.515,218.882,152.115,14
507,19689,255,255,255,539.043,1021.208,163.458,153.366,1.271,14
508,32522,255,255,255,427.068,1155.290,218.136,189.828,159.157,14
509,36921,255,255,255,1061.277,1173.277,229.839,204.531,80.367,14
510,36104,255,255,255,855.436,1170.276,223.772,205.428,119.199,14
511,36429,255,255,255,643.825,1168.462,223.617,207.421,34.633,14
512,37341,255,255,255,1269.684,1208.208,226.021,210.353,141.960,14
513,35028,255,255,255,351.511,1335.328,223.566,199.489,112.982,14
514,37780,255,255,255,754.361,1357.933,226.937,211.966,107.485,14
515,31741,255,255,255,549.660,1355.016,205.825,196.351,96.257,14
516,31694,255,255,255,951.484,1368.792,224.205,179.987,87.167,14
517,39504,255,255,255,1153.474,1384.440,235.543,213.541,138.751,14
518,42902,255,255,255,1388.726,1392.502,247.050,221.107,39.226,14
519,42555,255,255,255,325.150,355.052,243.757,222.281,86.584,15
520,29251,255,255,255,550.880,332.586,200.663,185.602,100.883,15
521,37483,255,255,255,1164.413,349.549,227.915,209.397,87.208,15
522,31986,255,255,255,744.129,343.232,214.617,189.760,86.625,15
523,38825,255,255,255,948.338,364.116,232.193,212.899,91.218,15
524,40767,255,255,255,1378.612,364.253,237.463,218.586,86.435,15
525,28419,255,255,255,478.564,508.215,199.558,181.321,133.302,15
526,29060,255,255,255,1079.298,532.118,204.923,180.557,172.899,15
527,37520,255,255,255,676.008,557.213,225.751,211.613,88.618,15
528,32486,255,255,255,1381.311,582.338,212.416,194.724,160.591,15
529,38228,255,255,255,886.686,601.939,229.003,212.545,109.481,15
530,31081,255,255,255,313.143,603.607,201.954,195.953,127.389,15
531,31339,255,255,255,1203.328,680.492,205.644,194.034,59.105,15
532,28671,255,255,255,487.705,696.133,200.647,181.936,20.934,15
533,30324,255,255,255,663.057,775.035,208.658,185.038,88.635,15
534,36296,255,255,255,1376.392,789.848,223.464,206.805,18.310,15
535,28470,255,255,255,1043.898,794.513,198.017,183.060,103.769,15
536,29446,255,255,255,314.580,800.289,200.284,187.193,1.793,15
537,30656,255,255,255,851.142,807.558,203.066,192.216,150.294,15
538,30211,255,255,255,499.118,884.250,203.031,189.458,165.643,15
539,39130,255,255,255,1142.124,982.548,234.369,212.579,73.077,15
540,38609,255,255,255,686.164,989.938,226.077,217.441,19.342,15
541,38253,255,255,255,918.595,1000.778,232.877,209.146,178.292,15
542,34494,255,255,255,320.287,996.578,220.726,198.976,16.211,15
543,42626,255,255,255,1369.287,1008.754,241.133,225.076,161.724,15
544,20655,255,255,255,499.416,1059.675,164.216,160.147,24.706,15
545,37352,255,255,255,1034.956,1189.409,228.586,208.053,79.520,15
546,37498,255,255,255,823.399,1194.869,225.839,211.407,110.270,15
547,38902,255,255,255,1250.530,1198.774,226.130,219.041,118.371,15
548,33931,255,255,255,370.191,1192.661,218.011,198.166,158.253,15
549,37419,255,255,255,607.289,1210.237,226.431,210.410,45.836,15
550,43047,255,255,255,1370.849,1389.036,246.790,222.089,45.913,15
551,31578,255,255,255,932.333,1387.624,219.339,183.307,93.120,15
552,40330,255,255,255,1139.155,1393.711,235.238,218.289,130.065,15
553,38269,255,255,255,730.327,1395.717,227.766,213.929,100.629,15
554,36384,255,255,255,315.029,1396.063,226.698,204.349,104.772,15
555,32654,255,255,255,520.540,1406.891,207.561,200.309,92.532,15
556,38598,255,255,255,1190.006,306.240,233.202,210.738,99.954,16
557,39114,255,255,255,972.765,321.417,232.928,213.807,92.196,16
558,32106,255,255,255,765.203,321.305,214.365,190.696,94.419,16
559,29907,255,255,255,569.369,323.821,205.930,184.911,106.029,16
560,42412,255,255,255,361.248,358.595,244.291,221.050,90.056,16
561,39928,255,255,255,1406.607,347.777,228.414,222.569,66.472,16
562,29242,255,255,255,1101.825,491.155,206.379,180.406,172.870,16
563,28652,255,255,255,514.854,512.583,199.396,182.957,128.605,16
564,32633,255,255,255,1398.466,563.449,211.149,196.778,161.189,16
565,37649,255,255,255,707.876,583.591,225.027,213.024,79.844,16
566,39171,255,255,255,926.308,600.204,231.772,215.186,123.121,16
567,31501,255,255,255,336.963,594.022,201.426,199.122,124.520,16
568,31540,255,255,255,1213.827,650.260,205.191,195.710,50.051,16
569,28813,255,255,255,503.868,702.153,201.422,182.135,15.052,16
570,36264,255,255,255,1380.729,771.986,222.791,207.247,15.810,16
571,28336,255,255,255,1058.267,771.098,196.491,183.614,107.530,16
572,30416,255,255,255,673.440,799.129,208.273,185.942,90.294,16
573,29940,255,255,255,322.177,793.066,203.485,187.339,178.147,16
574,30803,255,255,255,865.492,799.787,203.822,192.421,158.000,16
575,30257,255,255,255,500.708,892.289,202.119,190.603,157.240,16
576,40014,255,255,255,1130.058,973.166,234.172,217.564,73.223,16
577,42593,255,255,255,1359.859,991.857,240.154,225.818,152.442,16
578,34471,255,255,255,316.487,991.717,219.322,200.116,13.492,16
579,38809,255,255,255,905.143,1001.931,232.771,212.282,8.986,16
580,38088,255,255,255,674.622,1013.968,225.629,214.933,23.278,16
581,20849,255,255,255,488.151,1072.231,163.162,162.696,63.349,16
582,39740,255,255,255,1233.333,1178.553,228.318,221.614,137.062,16
583,37658,255,255,255,1014.493,1194.264,229.388,209.024,74.571,16
584,38216,255,255,255,799.720,1199.036,227.879,213.526,108.431,16
585,34052,255,255,255,347.619,1193.632,218.331,198.581,150.175,16
586,37891,255,255,255,582.852,1237.355,227.449,212.110,45.512,16
587,42930,255,255,255,1341.917,1381.893,244.258,223.780,67.119,16
588,31488,255,255,255,909.812,1390.865,218.853,183.190,91.686,16
589,40401,255,255,255,1115.848,1401.287,236.335,217.658,124.430,16
590,37405,255,255,255,290.476,1399.411,223.110,213.462,103.259,16
591,39950,255,255,255,708.709,1423.549,235.987,215.545,86.504,16
592,35788,255,255,255,498.382,1443.976,227.038,200.701,103.188,16
593,42882,255,255,255,332.773,354.245,244.532,223.280,83.718,17
594,29424,255,255,255,545.203,331.002,199.828,187.480,93.233,17
595,38725,255,255,255,1159.766,349.260,232.849,211.752,111.193,17
596,32443,255,255,255,738.492,342.133,217.721,189.728,84.626,17
597,38899,255,255,255,942.751,361.372,232.815,212.735,91.368,17
598,40649,255,255,255,1376.334,359.087,235.842,219.452,80.389,17
599,28121,255,255,255,483.830,510.482,198.837,180.071,131.513,17
600,28796,255,255,255,1078.637,529.757,204.803,179.021,159.716,17
601,37422,255,255,255,677.049,567.183,226.260,210.586,84.434,17
602,32742,255,255,255,1377.568,576.483,212.656,196.037,161.700,17
603,38770,255,255,255,889.064,597.121,232.542,212.278,112.894,17
604,31314,255,255,255,319.333,604.906,202.279,197.105,124.488,17
605,31217,255,255,255,1202.250,679.368,205.325,193.579,58.425,17
606,28755,255,255,255,493.103,698.914,201.182,181.985,23.915,17
607,36288,255,255,255,1375.335,785.142,223.077,207.118,20.611,17
608,30107,255,255,255,665.574,784.312,208.339,183.996,93.457,17
609,28362,255,255,255,1046.892,797.921,197.777,182.588,99.742,17
610,30560,255,255,255,854.677,802.039,203.323,191.372,158.739,17
611,30131,255,255,255,320.067,803.178,200.394,191.443,170.907,17
612,30081,255,255,255,503.586,888.493,202.659,188.989,156.279,17
613,39727,255,255,255,1142.840,988.710,234.684,215.532,86.087,17
614,39224,255,255,255,919.174,998.656,231.920,215.340,178.330,17
615,38420,255,255,255,687.391,999.382,225.698,216.741,24.504,17
616,42756,255,255,255,1368.870,1004.303,240.009,226.819,153.167,17
617,34348,255,255,255,325.008,1001.010,220.016,198.773,21.775,17
618,20519,255,255,255,501.028,1063.380,163.972,159.329,33.214,17
619,37224,255,255,255,1035.883,1192.123,228.721,207.218,82.799,17
620,39962,255,255,255,1252.873,1195.579,229.428,221.774,145.591,17
621,37786,255,255,255,826.846,1195.794,229.668,209.479,113.064,17
622,33801,255,255,255,375.470,1198.016,218.214,197.223,154.567,17
623,37646,255,255,255,610.842,1211.417,227.174,210.994,38.164,17
624,43193,255,255,255,1371.478,1390.840,246.059,223.504,60.306,17
625,39423,255,255,255,735.100,1398.505,233.995,214.513,95.515,17
626,40421,255,255,255,1144.299,1396.352,237.233,216.941,119.670,17
627,31616,255,255,255,937.887,1390.458,218.559,184.182,90.833,17
628,36354,255,255,255,317.670,1402.125,226.644,204.230,88.090,17
629,34855,255,255,255,524.150,1408.155,221.340,200.500,117.037,17
630,41888,255,255,255,298.160,352.803,245.026,217.665,75.856,18
631,28759,255,255,255,548.385,350.673,198.221,184.729,94.399,18
632,30844,255,255,255,735.184,376.252,211.311,185.848,100.675,18
633,37375,255,255,255,928.219,404.582,232.417,204.750,92.296,18
634,35854,255,255,255,1127.809,422.055,228.413,199.860,90.528,18
635,38499,255,255,255,1329.272,436.645,225.076,217.786,72.085,18
636,26875,255,255,255,443.040,499.992,197.370,173.371,123.167,18
637,35294,255,255,255,628.321,547.192,221.240,203.117,103.668,18
638,36562,255,255,255,827.583,596.468,223.183,208.583,107.723,18
639,28620,255,255,255,1029.846,594.038,202.224,180.197,161.193,18
640,30136,255,255,255,303.012,611.448,200.983,190.913,123.413,18
641,30054,255,255,255,1351.976,630.081,211.442,180.976,165.490,18
642,27542,255,255,255,481.979,684.623,194.980,179.852,14.143,18
643,29576,255,255,255,1184.226,712.475,206.974,181.942,90.086,18
644,29650,255,255,255,661.435,754.307,206.837,182.518,95.968,18
645,27007,255,255,255,1022.355,785.144,197.981,173.685,102.023,18
646,29039,255,255,255,843.363,796.237,199.414,185.411,141.180,18
647,28790,255,255,255,321.611,800.975,198.465,184.700,2.083,18
648,34797,255,255,255,1355.060,819.406,225.068,196.851,4.953,18
649,28992,255,255,255,507.140,863.460,200.927,183.718,173.544,18
650,37819,255,255,255,1164.462,933.077,234.330,205.491,79.811,18
651,35425,255,255,255,736.521,958.745,217.669,207.216,119.735,18
652,36438,255,255,255,954.962,972.216,225.077,206.126,164.426,18
653,33699,255,255,255,343.860,991.287,218.121,196.711,28.272,18
654,40720,255,255,255,1367.426,1022.575,239.535,216.446,164.566,18
655,19285,255,255,255,565.663,1017.227,160.651,152.844,3.929,18
656,37030,255,255,255,1084.645,1152.077,230.251,204.768,81.796,18
657,32057,255,255,255,460.729,1152.769,214.595,190.201,148.093,18
658,35283,255,255,255,671.238,1162.441,219.259,204.889,35.611,18
659,35933,255,255,255,879.222,1164.906,221.331,206.710,110.379,18
660,36406,255,255,255,1288.172,1211.980,223.749,207.168,151.508,18
661,35069,255,255,255,360.779,1316.347,225.572,197.947,119.132,18
662,32196,255,255,255,562.613,1339.189,206.833,198.195,109.872,18
663,36623,255,255,255,770.073,1350.223,218.503,213.406,112.362,18
664,31262,255,255,255,965.395,1361.516,223.161,178.365,83.310,18
665,39483,255,255,255,1163.529,1378.034,236.680,212.402,132.127,18
666,41168,255,255,255,1395.468,1394.680,243.922,214.892,38.830,18
667,43136,255,255,255,320.247,351.445,246.967,222.388,87.322,19
668,29547,255,255,255,544.340,331.151,203.022,185.302,95.857,19
669,32306,255,255,255,738.047,341.109,215.809,190.601,88.711,19
670,37786,255,255,255,1159.376,350.325,229.701,209.449,91.742,19
671,39151,255,255,255,942.877,356.062,234.549,212.530,91.277,19
672,40644,255,255,255,1375.380,361.360,235.475,219.766,80.001,19
673,28354,255,255,255,470.436,507.768,198.923,181.485,133.228,19
674,37284,255,255,255,668.343,548.853,225.192,210.804,91.258,19
675,29190,255,255,255,1066.581,530.756,205.063,181.241,169.614,19
676,32201,255,255,255,1379.906,576.938,213.353,192.167,161.771,19
677,38079,255,255,255,875.369,605.621,227.806,212.829,102.193,19
678,30988,255,255,255,308.571,609.453,202.024,195.300,145.688,19
679,31378,255,255,255,1202.790,672.971,206.795,193.195,72.814,19
680,28716,255,255,255,483.765,696.537,201.290,181.640,31.559,19
681,28200,255,255,255,1026.962,751.690,197.763,181.557,99.685,19
682,30435,255,255,255,660.429,766.773,209.454,185.010,85.166,19
683,36404,255,255,255,1373.560,788.121,223.769,207.138,13.228,19
684,29623,255,255,255,312.069,806.500,200.941,187.703,10.356,19
685,30725,255,255,255,845.380,814.143,202.467,193.218,144.914,19
686,30323,255,255,255,499.781,884.474,204.054,189.207,172.035,19
687,39307,255,255,255,1160.723,911.467,234.936,213.024,69.642,19
688,38821,255,255,255,946.932,994.067,234.727,210.578,30.611,19
689,38977,255,255,255,686.315,998.790,227.749,217.902,144.874,19
690,42480,255,255,255,1368.186,1006.643,240.128,225.244,161.980,19
691,34649,255,255,255,318.637,1003.662,222.389,198.375,17.610,19
692,20662,255,255,255,501.848,1059.827,163.191,161.208,21.084,19
693,37516,255,255,255,1039.370,1187.919,229.016,208.574,67.756,19
694,38185,255,255,255,826.278,1189.279,230.132,211.264,98.627,19
695,38565,255,255,255,1255.561,1199.589,224.981,218.252,121.354,19
696,33703,255,255,255,379.886,1196.769,217.286,197.491,155.623,19
697,36632,255,255,255,612.735,1209.818,221.960,210.134,49.736,19
698,41491,255,255,255,1372.309,1389.254,243.009,217.391,48.558,19
699,31585,255,255,255,936.198,1383.353,219.348,183.340,94.260,19
700,40345,255,255,255,1143.156,1391.709,235.515,218.113,127.985,19
701,36382,255,255,255,313.953,1393.970,226.579,204.445,112.122,19
702,37725,255,255,255,734.550,1394.306,224.187,214.254,98.177,19
703,33740,255,255,255,522.325,1402.832,212.398,202.257,118.165,19
704,39145,255,255,255,1193.422,298.148,234.270,212.750,114.452,20
705,39176,255,255,255,975.046,315.875,233.422,213.692,91.780,20
706,39975,255,255,255,1414.777,310.586,228.460,222.787,62.654,20
707,28853,255,255,255,577.013,332.848,197.204,186.288,100.205,20
708,42144,255,255,255,368.258,361.805,242.986,220.834,90.550,20
709,30924,255,255,255,771.423,358.079,203.302,193.671,103.228,20
710,29249,255,255,255,1109.605,482.667,206.114,180.681,171.625,20
711,28604,255,255,255,518.709,518.176,199.026,182.990,125.622,20
712,32076,255,255,255,1403.005,524.184,211.641,192.970,163.300,20
713,37550,255,255,255,717.301,566.138,224.446,213.014,90.265,20
714,38486,255,255,255,933.621,588.660,228.610,214.347,115.690,20
715,31037,255,255,255,341.468,597.837,200.487,197.108,125.059,20
716,31586,255,255,255,1233.224,635.694,206.040,195.188,63.419,20
717,28982,255,255,255,506.459,708.750,201.812,182.849,20.419,20
718,28378,255,255,255,1070.969,750.450,197.178,183.245,89.489,20
719,36458,255,255,255,1377.888,783.478,224.179,207.066,10.859,20
720,30481,255,255,255,687.542,782.209,208.540,186.101,92.610,20
721,30785,255,255,255,879.608,790.188,204.091,192.054,158.207,20
722,30107,255,255,255,322.327,796.246,202.142,189.636,11.537,20
723,30313,255,255,255,495.235,899.170,202.294,190.790,175.724,20
724,40183,255,255,255,1127.360,957.304,234.444,218.229,65.057,20
725,40710,255,255,255,902.545,1000.995,235.512,220.089,43.551,20
726,42526,255,255,255,1354.371,1001.926,240.606,225.039,155.357,20
727,34361,255,255,255,314.856,1006.994,218.911,199.852,11.557,20
728,38747,255,255,255,675.320,1017.741,226.274,218.028,140.984,20
729,20902,255,255,255,491.862,1079.045,163.798,162.476,21.156,20
730,39729,255,255,255,1218.921,1181.673,228.637,221.244,133.056,20
731,37618,255,255,255,1000.903,1200.332,229.269,208.911,73.854,20
732,38471,255,255,255,787.743,1216.039,230.915,212.125,93.249,20
733,34051,255,255,255,355.369,1205.985,218.149,198.741,153.607,20
734,36820,255,255,255,573.911,1250.610,221.452,211.697,53.300,20
735,41550,255,255,255,1335.290,1379.986,243.275,217.462,76.507,20
736,40495,255,255,255,1112.941,1402.040,237.131,217.432,118.735,20
737,31536,255,255,255,907.240,1401.801,218.599,183.683,95.035,20
738,38162,255,255,255,283.917,1407.308,222.839,218.047,109.011,20
739,40024,255,255,255,704.395,1433.192,234.164,217.626,80.707,20
740,35640,255,255,255,493.345,1455.400,226.943,199.954,106.488,20
741,43049,255,255,255,332.495,352.764,246.379,222.469,79.120,21
742,29640,255,255,255,544.499,331.235,201.468,187.319,84.532,21
743,39143,255,255,255,939.910,356.218,234.310,212.703,89.047,21
744,38987,255,255,255,1157.721,350.020,233.435,212.649,115.533,21
745,40592,255,255,255,1375.718,357.498,234.678,220.231,83.671,21
746,30925,255,255,255,734.540,370.080,204.207,192.818,94.492,21
747,28163,255,255,255,479.661,511.776,198.502,180.644,128.491,21
748,29028,255,255,255,1071.936,528.886,205.132,180.175,159.046,21
749,37288,255,255,255,670.642,575.296,224.804,211.191,87.673,21
750,32572,255,255,255,1380.509,573.543,213.413,194.327,157.473,21
751,38489,255,255,255,883.101,599.103,231.372,211.804,111.807,21
752,30900,255,255,255,319.037,611.155,201.146,195.595,120.353,21
753,31086,255,255,255,1207.094,672.273,205.863,192.263,72.116,21
754,28985,255,255,255,491.958,702.347,203.117,181.693,32.213,21
755,28143,255,255,255,1033.015,750.604,197.729,181.222,97.945,21
756,36462,255,255,255,1375.245,785.705,222.769,208.399,24.964,21
757,30203,255,255,255,662.288,791.176,208.123,184.774,96.772,21
758,30472,255,255,255,850.973,805.811,201.728,192.329,149.312,21
759,29943,255,255,255,317.917,809.532,198.109,192.443,32.857,21
760,30004,255,255,255,498.553,892.391,203.060,188.133,162.487,21
761,39866,255,255,255,1155.258,923.660,234.969,216.024,80.418,21
762,40148,255,255,255,941.056,995.334,232.462,219.898,32.909,21
763,42657,255,255,255,1368.568,1006.254,239.591,226.689,155.332,21
764,38892,255,255,255,693.336,1006.513,227.826,217.353,150.810,21
765,34274,255,255,255,325.831,1009.538,219.753,198.582,16.935,21
766,20538,255,255,255,507.288,1066.115,164.476,158.989,28.592,21
767,37343,255,255,255,1041.101,1191.759,228.802,207.806,70.614,21
768,38187,255,255,255,829.621,1193.124,231.449,210.073,105.412,21
769,39907,255,255,255,1258.340,1199.946,230.207,220.719,143.110,21
770,33829,255,255,255,383.913,1202.730,218.520,197.110,157.827,21
771,36484,255,255,255,616.384,1214.526,219.610,211.525,37.626,21
772,41922,255,255,255,1373.455,1393.563,244.319,218.472,57.109,21
773,31505,255,255,255,941.661,1388.630,219.418,182.817,95.005,21
774,40533,255,255,255,1146.987,1396.472,237.793,217.030,118.219,21
775,39111,255,255,255,738.614,1399.756,229.598,216.891,83.838,21
776,36622,255,255,255,318.771,1402.672,225.971,206.347,93.332,21
777,34828,255,255,255,526.277,1407.253,221.720,200.002,115.148,21
